Multiple size <= 100
TEST 1 ARG:8 34 75 78 5 92 46 15 67 95 59 52 73 70 68 88 48 4 39 54 49 20 96 27 44 6 99 85 29 25 69 12 31 93 10 40 47 28 83 22 58 23 35 51 64 45 76 60 18 97 26 87 7 89 0 94 56 19 72 21 30 63 42 9 14 1 2 71 82 62 77 16 90 41 57 17 61 98 13 50 91 79 81 24 66 38 53 37 65 74 3 86 32 80 43 84 33 11 55 36 
TEST 2 ARG:6 59 88 50 63 22 96 10 2 29 94 46 64 48 23 55 49 73 16 26 72 53 28 34 43 39 84 25 13 40 9 89 99 58 90 67 14 15 95 33 91 74 45 47 97 69 44 51 62 31 3 75 79 30 71 8 98 65 36 56 83 19 81 82 92 0 24 60 5 11 52 38 66 35 85 87 27 77 80 68 54 86 41 20 17 37 93 70 7 1 21 4 76 61 12 57 18 78 32 42 
TEST 3 ARG:15 76 31 59 48 20 72 98 53 57 56 91 88 92 30 58 74 93 83 77 87 41 33 70 23 44 14 46 78 81 22 25 54 29 8 85 66 61 1 24 38 64 67 42 69 2 47 4 51 35 36 80 65 3 97 27 50 6 82 75 17 21 18 90 9 26 10 84 68 73 34 32 95 60 11 86 55 40 12 7 94 28 39 45 79 13 71 0 99 63 5 49 62 96 19 52 37 16 43 89 
TEST 4 ARG:9 37 20 83 98 5 80 62 59 48 89 27 75 10 56 13 6 52 64 42 81 17 97 38 70 3 94 96 23 8 69 36 26 11 24 21 4 43 91 72 34 61 49 65 50 29 79 35 0 82 86 55 12 54 32 1 58 78 60 68 45 19 14 7 47 16 31 44 71 53 28 63 33 57 25 51 73 93 85 41 88 39 92 95 77 66 22 84 87 40 99 30 74 15 67 2 18 76 46 90 
TEST 5 ARG:10 79 41 97 17 6 33 4 89 30 19 20 64 14 24 22 9 18 21 78 48 16 46 94 54 90 68 74 69 53 39 84 80 95 99 85 73 76 61 71 38 13 57 36 40 77 35 55 87 29 12 34 8 59 70 31 58 44 43 83 65 5 75 62 25 51 98 50 56 96 1 81 93 3 86 26 32 7 37 72 67 63 27 28 15 52 23 49 47 92 2 60 91 66 11 88 82 0 45 42 
TEST 6 ARG:95 83 23 58 60 4 67 29 0 13 78 28 8 9 65 36 79 76 86 77 52 38 43 75 35 94 11 3 90 18 16 5 37 44 93 7 48 57 68 41 55 12 72 92 21 49 10 40 24 39 6 74 14 88 30 32 62 96 99 17 45 42 51 91 64 1 69 66 46 63 50 54 73 26 31 97 61 85 15 22 98 47 59 53 56 71 89 80 87 82 20 27 2 33 34 70 81 25 19 84 
TEST 7 ARG:84 1 17 18 96 61 35 72 22 63 68 4 11 46 20 57 9 82 87 51 74 2 67 97 24 31 28 36 65 30 21 29 39 55 91 60 8 33 0 99 83 16 90 6 95 27 94 71 50 69 66 15 85 34 47 93 44 13 49 79 48 43 59 41 81 88 26 14 25 78 53 98 89 32 75 80 52 56 12 62 3 92 19 38 37 77 23 5 40 10 76 7 42 54 70 45 86 64 73 58 
TEST 8 ARG:28 83 80 63 36 8 64 56 66 19 87 32 77 95 47 20 52 73 69 79 33 93 90 76 86 43 5 92 2 70 39 54 3 89 60 18 26 53 35 44 9 78 81 82 48 94 7 98 49 0 68 38 65 34 1 21 72 40 62 46 45 24 13 27 96 55 29 4 23 51 42 74 41 99 85 58 12 88 31 61 15 75 17 30 71 50 16 22 10 59 57 14 84 37 97 25 91 6 11 67 
TEST 9 ARG:80 72 42 15 73 92 4 10 65 23 26 41 5 22 77 51 54 89 20 13 19 62 70 97 38 28 14 0 84 6 21 35 86 57 67 94 24 76 91 63 60 56 82 2 16 39 33 59 29 37 74 90 78 85 17 58 79 48 69 7 93 3 52 50 81 95 87 30 47 68 44 43 99 31 66 8 96 71 88 32 49 36 98 27 40 53 18 11 1 83 75 55 46 61 25 9 45 34 12 64 
TEST 10 ARG:67 22 52 28 11 61 38 34 12 91 51 30 9 94 47 24 46 40 71 92 63 42 76 66 45 48 36 0 97 3 25 14 78 84 6 90 82 21 17 49 74 4 53 37 44 16 2 85 80 93 29 62 13 89 65 43 27 55 60 32 54 39 81 73 64 56 19 87 69 96 15 75 8 72 5 77 26 58 31 33 7 99 18 95 83 23 10 41 70 20 98 68 79 59 57 88 50 1 86 35 
TEST 11 ARG:2 5 1 65 89 50 34 94 67 73 86 46 27 17 43 31 53 62 72 35 70 32 96 13 64 61 22 56 54 18 76 90 40 57 99 9 6 55 42 41 39 3 28 97 36 24 30 78 68 48 10 71 91 21 19 33 74 16 81 83 23 60 11 75 88 51 85 93 92 15 44 14 45 20 8 84 58 26 80 69 77 0 63 66 95 52 25 79 82 49 7 59 98 47 37 87 12 38 4 29 
TEST 12 ARG:35 36 0 90 47 63 24 8 89 33 44 55 97 81 27 70 3 48 50 12 58 79 52 59 38 82 42 41 21 14 30 88 61 56 83 99 40 15 25 1 71 5 26 10 2 62 13 28 85 65 77 91 86 16 43 17 39 68 6 45 66 72 37 31 46 34 19 57 54 75 78 18 74 11 29 76 73 93 64 60 95 4 87 84 22 20 32 7 9 23 94 67 49 51 98 92 53 96 80 69 
TEST 13 ARG:46 93 27 76 82 99 51 41 40 75 63 78 60 83 20 44 50 84 4 3 98 69 90 54 53 34 37 92 16 65 12 73 97 80 25 7 28 2 96 29 67 19 58 66 71 21 8 14 15 26 94 79 39 48 35 85 61 18 5 47 10 91 22 68 6 23 87 33 77 64 45 49 9 81 17 95 31 56 70 32 89 30 13 1 11 0 74 36 72 88 55 38 52 62 86 24 42 59 57 43 
TEST 14 ARG:39 59 16 93 99 28 49 74 43 92 20 31 2 89 18 83 42 32 62 17 68 48 4 22 6 95 57 13 70 38 75 45 81 71 82 67 78 7 30 35 94 24 91 96 88 19 79 9 23 55 97 11 80 56 76 41 87 53 54 29 34 5 47 27 1 0 10 86 73 36 63 44 50 8 60 65 33 64 25 46 69 51 3 12 14 61 26 58 98 84 21 85 52 66 40 90 77 37 72 15 
TEST 15 ARG:32 96 42 87 31 93 37 83 85 45 99 6 16 67 10 55 61 4 90 41 33 15 17 14 60 23 34 18 86 97 88 94 81 9 47 1 68 75 76 26 79 63 74 24 5 48 2 36 82 54 40 51 20 95 73 80 25 39 21 72 58 70 35 29 49 56 59 89 57 77 28 62 27 66 7 84 65 78 3 50 69 91 52 71 11 64 13 98 92 44 22 46 43 12 19 8 38 53 0 30 
TEST 16 ARG:98 39 8 43 7 41 62 71 79 84 9 87 2 34 6 76 23 25 73 31 5 33 59 82 94 49 85 54 32 36 80 58 45 89 26 27 10 18 83 66 65 44 95 50 90 19 48 17 60 30 88 53 63 51 11 75 22 3 70 1 12 93 96 21 52 86 57 4 46 78 42 72 67 92 16 37 15 81 97 64 56 47 40 69 55 13 91 0 28 14 61 74 77 38 24 20 35 99 68 29 
TEST 17 ARG:91 64 67 19 28 79 87 52 86 76 11 54 13 5 16 15 36 10 9 77 46 21 4 78 71 81 23 93 56 6 72 97 45 61 55 70 33 8 69 41 24 38 7 60 32 62 22 66 47 85 59 90 89 42 50 94 65 2 96 92 29 18 99 39 58 30 73 68 20 14 1 83 63 17 48 34 80 27 43 53 37 26 88 98 95 74 75 25 44 57 84 49 31 40 0 3 51 35 82 12 
TEST 18 ARG:63 89 5 61 91 79 95 65 97 35 52 28 13 8 64 12 47 84 86 50 81 4 42 94 7 53 87 51 98 90 14 31 59 21 62 38 1 70 39 22 25 46 88 54 66 72 33 74 41 26 71 29 58 17 78 15 82 23 20 11 68 16 49 75 36 80 34 0 30 96 76 9 10 85 18 19 92 99 2 45 24 48 43 32 57 27 60 3 93 56 6 67 40 77 55 69 83 37 73 44 
TEST 19 ARG:42 13 60 93 25 64 99 38 70 12 5 98 18 81 34 43 67 69 27 6 75 53 88 90 54 62 41 44 4 89 20 30 85 66 55 31 79 17 63 0 49 23 2 22 73 24 32 87 48 76 84 59 36 28 91 78 29 65 33 14 26 96 83 86 82 58 3 47 46 61 97 92 50 19 10 45 95 71 8 35 1 40 21 72 74 16 77 68 52 57 11 56 51 80 15 7 39 94 9 37 
TEST 20 ARG:12 0 2 25 26 86 10 87 50 8 58 95 27 4 36 51 24 16 61 13 59 98 29 20 77 73 63 65 1 83 66 89 54 32 17 35 49 91 97 14 88 19 99 92 75 55 47 56 28 84 69 76 9 38 44 7 53 90 67 31 46 30 43 48 64 37 93 71 42 70 81 94 57 15 74 33 3 34 39 60 18 22 21 96 62 78 80 82 23 72 45 79 11 68 41 85 6 5 40 52 
TEST 21 ARG:7 8 1 48 51 54 16 73 23 41 64 62 90 20 6 50 47 46 72 79 83 26 12 45 13 15 84 44 22 57 52 91 61 38 11 28 56 43 63 9 34 35 37 21 67 59 70 68 58 87 14 30 42 53 49 85 98 97 74 88 77 32 29 81 18 69 96 40 25 89 0 60 27 33 2 93 86 75 10 31 36 80 71 19 66 4 78 99 76 55 92 95 82 24 65 94 17 3 5 39 
TEST 22 ARG:58 18 91 2 50 64 15 0 34 98 51 97 84 8 38 57 85 63 20 83 45 46 80 36 73 77 41 9 14 31 74 67 16 86 4 5 48 19 12 71 33 27 90 30 13 68 96 79 65 54 10 40 35 6 11 88 47 25 93 75 76 43 99 21 32 49 72 62 95 89 61 1 55 60 52 69 42 39 81 26 70 92 29 24 82 78 87 3 22 37 53 66 56 44 7 94 59 23 17 28 
TEST 23 ARG:28 20 77 63 2 58 70 22 56 5 86 95 21 42 15 30 40 72 17 19 10 94 61 9 74 8 98 88 76 3 29 82 6 12 24 41 16 48 39 52 67 57 78 31 23 53 93 46 62 71 1 55 65 14 60 66 27 49 81 96 87 47 68 26 38 64 32 35 54 25 75 99 92 79 89 90 13 80 44 85 18 34 7 45 43 4 0 37 50 83 51 69 11 36 91 84 59 97 73 33 
TEST 24 ARG:97 68 1 86 17 90 61 91 44 85 65 76 62 22 27 53 43 60 15 93 77 29 32 21 57 87 74 88 39 18 82 58 71 38 95 94 25 31 63 72 52 79 33 37 83 36 66 73 6 49 12 34 54 69 64 4 26 70 23 16 41 45 59 5 92 0 2 24 55 78 89 80 50 99 98 11 48 42 28 7 96 75 47 67 14 46 51 19 35 20 13 8 40 81 30 3 84 9 10 56 
TEST 25 ARG:10 33 83 90 68 22 17 23 12 27 67 51 52 40 41 97 96 36 94 18 77 4 28 53 89 43 78 19 0 59 66 98 26 49 72 3 2 25 76 86 38 16 82 60 62 48 24 32 91 5 85 42 56 65 7 14 9 44 31 63 6 20 64 57 46 80 30 99 13 88 21 81 75 73 92 87 79 74 34 93 50 70 69 37 39 95 29 55 35 1 58 61 54 84 8 45 71 47 15 11 
TEST 26 ARG:57 0 70 42 87 29 92 20 15 61 7 96 46 19 5 11 78 6 50 65 31 1 51 62 83 23 47 12 64 14 33 34 85 88 58 4 43 9 39 81 8 49 77 71 16 28 32 69 26 84 56 89 40 55 75 86 63 94 24 67 59 45 79 2 60 13 30 73 99 54 41 48 95 66 25 22 52 98 53 17 74 10 18 93 76 82 44 35 27 97 21 91 3 80 90 72 36 37 38 68 
TEST 27 ARG:52 42 33 87 40 28 35 79 16 88 34 89 90 50 93 60 3 61 27 81 8 65 14 70 68 95 4 13 94 76 21 96 32 29 5 36 48 26 20 9 44 45 7 51 77 84 15 83 63 11 43 17 39 56 64 73 12 85 24 38 71 0 30 59 54 46 82 41 22 49 19 92 99 66 10 6 97 37 47 69 62 74 98 23 67 72 86 1 18 55 78 80 53 31 25 91 57 75 2 58 
TEST 28 ARG:71 84 80 28 19 79 74 61 59 16 62 42 64 51 21 60 43 92 89 4 12 34 56 11 57 3 32 93 77 73 27 48 35 1 58 88 37 72 15 69 17 22 40 0 14 41 90 53 66 29 7 31 94 86 81 98 39 87 24 8 54 47 18 33 6 70 65 23 10 5 13 85 26 38 78 76 97 36 75 55 49 46 68 25 30 52 2 20 45 82 67 63 44 50 9 83 96 99 95 91 
TEST 29 ARG:41 66 43 60 64 16 72 84 85 79 88 83 49 68 62 3 97 8 52 0 28 78 26 57 71 94 69 76 58 75 67 44 99 2 24 14 56 15 96 77 86 27 90 34 33 1 42 95 82 18 38 36 6 59 11 30 74 4 7 61 12 73 29 20 50 55 5 32 19 31 53 37 91 21 51 98 13 22 87 54 92 10 81 80 9 45 25 23 65 89 17 63 35 46 47 39 70 93 40 48 
TEST 30 ARG:23 49 74 57 24 90 81 32 97 52 1 99 31 13 9 11 30 73 55 7 44 65 45 17 61 51 16 91 79 88 10 56 0 75 41 6 94 78 18 28 77 2 66 58 25 64 43 54 85 21 36 8 3 82 34 83 71 35 33 70 89 53 26 87 40 50 98 92 60 47 48 4 22 39 69 27 72 76 15 95 38 46 93 84 68 86 42 96 5 63 20 62 19 37 12 67 59 14 80 29 
TEST 31 ARG:62 97 29 40 18 50 63 60 74 28 59 44 43 11 66 20 33 9 81 49 70 1 83 12 13 38 47 69 57 68 86 7 30 92 71 76 79 26 77 51 96 24 6 41 75 58 90 67 34 48 3 56 73 95 37 54 46 32 5 10 0 64 8 27 42 15 88 85 39 4 82 78 2 22 91 72 80 98 21 93 16 87 31 17 61 45 94 55 52 99 84 65 23 14 53 36 19 25 35 89 
TEST 32 ARG:5 97 43 23 42 10 79 48 65 76 39 24 58 96 78 64 25 13 87 92 89 91 0 80 46 57 15 22 53 90 98 45 38 32 70 61 84 75 8 3 28 27 74 12 21 51 19 88 54 93 50 72 31 4 59 20 36 1 9 69 68 73 14 60 99 41 82 56 71 26 63 7 81 83 95 34 62 33 40 66 18 77 17 6 44 30 29 86 94 67 52 16 47 11 2 35 85 49 37 55 
TEST 33 ARG:93 1 48 47 85 95 21 44 39 32 73 15 69 86 68 5 25 98 27 80 49 18 43 78 46 13 92 8 14 20 84 34 89 35 82 3 12 42 29 11 55 58 33 6 65 96 79 23 88 30 81 99 62 74 52 70 83 53 4 24 40 91 31 59 56 22 72 37 28 17 77 9 97 36 38 2 16 54 10 50 19 61 26 94 90 75 67 7 87 64 66 76 60 57 0 63 45 71 41 51 
TEST 34 ARG:44 82 4 79 13 30 65 98 78 11 76 36 51 23 31 55 93 5 75 39 8 97 68 64 61 26 60 35 59 71 27 38 92 29 49 73 54 1 52 56 77 94 15 85 25 24 99 33 48 50 87 81 16 34 22 96 84 21 10 70 69 17 18 28 43 19 47 72 95 6 9 91 88 0 63 12 2 45 40 20 37 89 7 80 86 42 46 62 74 90 83 3 58 53 32 57 14 67 41 66 
TEST 35 ARG:61 12 80 47 82 90 28 16 77 86 10 31 44 81 51 74 94 30 35 57 43 27 59 92 79 70 29 8 32 93 72 58 54 66 18 96 23 83 78 0 95 50 76 48 42 9 73 88 84 20 67 14 4 21 33 68 15 40 24 71 56 75 6 91 36 98 64 65 7 11 17 2 22 99 55 89 49 46 5 69 34 60 85 87 53 97 38 25 52 13 37 41 1 26 62 45 3 19 39 63 
TEST 36 ARG:84 38 29 1 12 98 64 86 62 91 37 88 28 61 4 23 69 53 42 89 26 18 50 99 56 60 15 78 87 20 57 24 22 10 71 40 59 19 14 36 33 8 52 32 97 80 83 94 85 27 65 72 5 48 54 96 74 0 7 67 44 49 30 79 6 92 81 93 46 63 21 16 58 95 73 45 2 51 9 43 47 39 31 34 41 82 55 90 77 76 13 75 3 35 68 17 25 70 66 11 
TEST 37 ARG:58 37 42 69 36 75 10 66 62 74 3 96 68 49 77 67 64 52 14 86 27 82 55 56 12 79 40 26 1 9 45 4 24 7 73 59 31 44 78 47 13 16 85 2 65 54 92 19 30 17 15 60 51 28 94 43 41 38 8 20 34 95 98 23 70 22 89 46 11 72 18 53 99 80 91 33 83 21 39 57 76 61 97 88 81 6 63 29 35 32 87 48 0 84 71 90 25 5 50 93 
TEST 38 ARG:77 53 90 78 58 48 75 16 47 11 18 62 34 28 25 61 36 92 84 45 59 5 38 51 26 88 86 79 31 52 98 65 6 10 32 37 50 72 91 70 30 7 0 20 3 76 19 68 63 21 42 83 49 99 35 87 4 71 54 46 29 60 69 12 81 41 39 33 93 8 24 80 57 14 82 66 2 17 67 1 22 9 85 94 43 15 40 23 73 74 95 89 97 64 44 96 56 13 27 55 
TEST 39 ARG:29 7 18 46 22 52 3 51 45 56 86 8 82 70 58 98 11 79 13 28 75 15 73 63 20 14 64 30 6 33 66 17 57 53 21 72 23 44 60 34 37 2 35 89 43 95 32 54 87 16 42 24 27 55 94 76 84 90 99 97 92 59 91 31 41 81 12 62 26 50 10 85 49 68 25 38 19 74 77 1 78 71 83 69 36 80 48 96 0 88 4 39 40 5 47 93 65 61 67 9 
TEST 40 ARG:19 21 14 94 8 49 1 6 22 60 4 65 53 31 11 18 90 32 64 85 17 87 38 78 96 57 30 54 44 40 15 79 52 51 97 68 23 86 83 72 59 48 73 82 2 50 37 95 43 20 84 24 88 80 10 29 61 47 39 7 36 28 98 63 55 42 76 77 35 27 9 56 99 45 66 81 5 25 92 34 0 58 89 74 13 70 75 41 62 33 91 3 46 26 67 16 12 71 93 69 
TEST 41 ARG:50 60 81 6 44 37 61 4 21 52 39 56 18 15 86 46 69 54 29 1 51 62 96 79 34 99 77 26 32 83 71 8 87 70 85 38 11 12 67 17 57 75 33 90 97 91 95 72 35 22 66 9 2 19 98 10 7 43 20 42 48 89 13 68 94 58 47 80 14 76 31 64 93 88 82 23 55 53 41 36 27 24 63 3 30 84 5 59 74 0 65 92 28 40 78 45 49 16 25 73 
TEST 42 ARG:20 9 73 59 23 7 30 53 31 19 35 21 92 69 91 87 60 66 5 42 83 62 54 32 16 8 67 63 39 18 85 29 14 68 33 3 49 44 36 52 0 96 98 76 27 43 15 34 26 28 80 45 61 84 37 47 93 64 90 88 41 50 72 22 58 38 4 2 40 99 82 70 51 78 13 48 71 89 11 77 74 79 55 46 75 56 81 65 24 25 86 94 6 95 1 12 57 17 97 10 
TEST 43 ARG:72 98 83 54 99 38 87 40 63 61 13 9 33 62 90 96 43 77 44 8 41 71 56 55 50 45 73 59 89 65 29 23 93 37 91 78 21 3 10 28 27 1 0 32 57 36 95 14 19 64 2 76 85 80 79 46 81 11 7 74 31 26 24 86 66 94 67 22 97 6 52 4 75 35 69 88 84 49 39 60 30 34 5 82 20 53 16 47 15 58 70 25 42 12 18 92 51 48 68 17 
TEST 44 ARG:42 0 84 77 79 4 3 20 82 44 7 12 36 58 46 78 22 5 33 95 37 50 35 65 24 75 87 26 92 48 76 64 19 54 98 69 14 39 53 9 23 8 41 66 28 73 72 21 59 70 71 81 57 67 91 29 17 45 99 93 83 60 52 30 80 62 43 32 13 47 56 1 49 38 16 55 85 31 18 63 25 34 40 86 90 94 6 68 61 51 88 10 89 11 97 2 15 96 27 74 
TEST 45 ARG:5 69 63 52 94 67 65 66 3 51 34 19 54 48 55 79 74 6 39 62 26 27 2 90 80 8 21 85 30 78 95 20 23 82 96 33 89 60 40 32 36 12 47 53 75 86 25 92 18 15 35 10 43 42 4 1 59 38 64 44 0 97 14 61 46 28 71 56 83 57 45 76 84 31 29 37 88 17 93 50 41 68 81 49 24 87 13 22 73 7 16 72 91 98 99 77 58 70 11 9 
TEST 46 ARG:56 94 49 58 42 57 84 22 35 3 39 85 78 7 73 37 45 48 83 30 64 80 26 52 53 92 19 32 47 88 12 86 98 23 55 6 89 10 59 72 0 75 63 29 95 36 79 16 74 2 99 46 38 4 54 81 28 24 11 8 68 77 13 61 90 62 17 25 34 67 31 1 93 65 51 71 21 40 96 82 91 43 76 41 97 33 60 15 87 20 69 70 14 27 66 18 44 50 9 5 
TEST 47 ARG:10 65 44 49 68 40 86 71 90 48 97 38 78 52 73 88 92 84 16 29 66 47 21 70 22 81 55 79 51 53 2 77 42 34 69 5 93 13 94 62 89 50 74 46 36 17 33 58 82 28 4 96 31 23 35 76 37 27 41 8 72 9 14 20 60 56 7 3 75 61 83 91 64 30 6 43 63 11 45 26 99 59 24 85 95 15 0 57 80 67 1 12 19 54 98 18 39 25 87 32 
TEST 48 ARG:97 54 30 8 64 1 17 31 24 83 73 96 35 9 66 12 71 15 0 47 98 2 21 22 29 67 93 63 37 40 70 46 65 86 57 41 94 45 56 75 25 26 51 50 33 43 99 3 81 19 72 48 52 80 18 69 23 44 91 78 4 85 59 5 53 89 6 42 77 49 62 27 84 74 11 76 92 13 34 79 32 95 68 88 7 38 58 90 55 16 20 28 10 87 39 61 60 14 82 36 
TEST 49 ARG:87 16 29 27 15 47 10 54 24 63 76 85 77 18 8 99 81 62 20 75 89 78 49 98 11 60 23 41 56 83 57 43 86 22 65 94 2 59 32 3 40 97 96 45 51 72 53 6 7 14 82 28 79 64 52 9 55 90 35 19 84 68 0 31 48 70 38 17 69 37 50 61 21 74 58 26 25 91 80 44 46 67 93 13 88 30 1 12 39 66 5 33 4 42 95 73 92 34 36 71 
TEST 50 ARG:9 47 55 7 0 3 46 51 34 27 56 94 91 98 6 49 64 84 33 10 52 40 92 26 78 22 25 82 81 1 58 30 59 15 37 74 29 73 79 62 18 41 93 85 44 17 54 12 87 65 5 13 61 80 71 83 39 66 88 45 32 89 31 99 68 43 48 86 57 96 38 76 67 97 14 69 23 24 95 75 19 90 35 28 70 11 42 16 36 21 4 77 50 60 20 2 53 63 8 72 
TEST 51 ARG:33 85 55 0 77 47 72 23 46 37 8 88 35 36 82 15 84 87 74 57 17 60 48 78 40 94 26 86 28 63 67 90 52 32 76 89 91 68 1 97 98 4 31 66 16 43 7 80 65 14 99 41 9 54 51 6 21 69 10 30 53 13 44 83 92 59 22 75 38 19 45 20 81 56 39 61 93 12 18 58 27 50 24 95 5 11 29 2 96 64 79 70 3 25 42 34 71 62 49 73 
TEST 52 ARG:91 70 61 30 2 38 1 73 57 11 77 13 83 74 28 24 54 21 50 37 22 3 36 45 4 63 84 14 81 94 78 39 71 53 40 6 58 72 59 68 26 95 20 67 99 8 9 47 64 5 46 27 34 18 7 19 29 75 96 0 41 32 93 89 56 44 76 65 90 97 48 25 12 52 66 55 69 35 31 98 49 62 51 43 23 92 33 17 80 15 85 82 10 79 88 87 60 42 16 86 
TEST 53 ARG:24 28 51 64 43 73 41 47 70 22 4 94 5 83 54 17 31 57 71 34 76 13 32 42 69 12 56 74 2 36 58 81 59 87 77 84 62 68 0 88 23 35 96 26 98 25 92 89 49 50 65 14 95 55 82 44 40 27 48 21 63 15 18 72 91 8 33 37 16 80 79 1 52 19 3 7 46 75 93 61 9 53 30 78 97 86 10 11 66 67 90 29 60 39 99 85 45 38 6 20 
TEST 54 ARG:24 69 93 29 54 87 5 32 48 39 91 11 76 22 8 7 89 60 92 67 6 1 20 13 2 86 96 85 61 88 81 99 62 42 31 75 37 57 58 79 10 84 73 4 41 44 64 18 23 34 63 59 65 28 98 47 94 56 45 68 90 3 50 71 51 14 82 36 97 21 70 46 16 25 9 52 53 17 77 74 78 27 80 12 66 35 83 49 33 72 26 95 43 15 40 0 30 38 55 19 
TEST 55 ARG:38 15 4 83 98 24 49 16 39 44 17 25 75 51 8 79 62 84 26 50 7 61 9 20 37 69 70 12 30 10 90 13 73 43 60 67 27 18 14 52 91 68 65 77 93 53 95 45 34 11 55 96 35 31 89 23 29 63 71 3 85 92 66 1 41 88 47 81 32 48 57 97 59 36 0 58 21 40 64 78 82 56 42 74 76 87 94 6 80 5 46 19 72 28 99 2 54 22 33 86 
TEST 56 ARG:83 93 77 15 74 96 84 60 49 90 28 48 71 32 12 80 7 82 68 21 40 46 25 17 53 52 76 5 30 69 6 57 16 29 31 14 67 27 36 87 70 9 41 38 98 62 89 26 99 1 66 95 54 19 56 92 10 64 50 88 39 59 22 85 86 4 81 23 51 42 3 20 45 18 13 33 91 34 0 63 55 79 2 43 61 75 8 35 78 72 65 73 44 24 11 97 94 37 47 58 
TEST 57 ARG:32 78 33 39 92 60 40 74 67 63 95 7 77 50 28 55 68 22 35 26 16 5 88 98 19 8 97 15 21 49 80 25 37 70 56 83 62 11 6 99 24 72 75 89 12 66 9 14 30 73 42 2 58 69 82 96 18 27 81 79 41 3 91 34 1 51 94 31 13 93 76 57 46 36 38 48 29 10 43 54 90 52 87 84 64 59 86 45 47 65 17 53 44 85 61 20 71 0 23 4 
TEST 58 ARG:70 51 32 3 60 18 4 1 8 26 52 91 56 71 77 78 72 39 23 97 19 73 6 92 93 50 17 21 16 80 0 62 24 10 74 13 43 12 20 22 30 27 53 40 25 81 7 66 37 38 33 75 48 47 31 87 67 57 14 69 28 89 11 83 98 88 59 2 82 41 45 46 96 42 36 65 63 64 68 35 55 44 49 15 29 99 54 9 84 58 76 94 85 5 95 34 90 86 79 61 
TEST 59 ARG:11 68 51 93 19 88 42 23 73 99 57 7 91 65 83 72 45 77 98 3 47 66 75 89 78 24 64 94 60 53 33 63 52 10 80 38 39 2 5 27 16 69 21 48 58 36 14 54 97 22 25 85 41 95 4 71 74 81 92 40 82 87 76 35 0 29 31 12 20 55 32 49 26 6 50 84 1 8 79 61 30 15 67 13 9 70 37 90 17 46 59 86 56 34 43 18 62 44 96 28 
TEST 60 ARG:31 53 26 27 43 45 11 25 49 60 80 76 97 55 9 12 41 20 94 48 87 78 77 29 56 72 81 64 4 67 92 65 91 99 95 86 32 15 38 22 58 62 0 82 13 19 93 10 23 42 79 21 57 28 71 5 50 35 70 90 61 44 63 40 24 54 39 17 69 34 98 68 74 73 66 36 46 3 7 89 75 18 1 96 6 83 47 88 8 14 33 30 59 2 37 16 85 52 51 84 
TEST 61 ARG:6 43 40 12 55 67 85 7 47 70 73 3 60 22 88 77 5 69 8 54 1 26 50 92 20 46 36 80 82 64 39 52 94 0 51 71 74 32 18 97 24 90 13 84 89 15 56 78 25 68 14 59 63 44 49 23 83 95 41 76 81 37 27 9 34 38 19 48 62 31 53 79 99 66 98 75 16 72 58 45 96 11 2 17 86 35 10 21 4 30 91 87 33 29 42 61 93 28 65 57 
TEST 62 ARG:60 79 41 65 22 80 93 89 27 24 54 29 85 57 11 76 52 99 55 4 10 2 49 12 84 0 90 47 77 97 62 73 34 16 9 98 86 36 32 68 53 42 39 70 28 82 25 56 72 40 43 19 18 8 91 75 6 83 59 23 48 92 74 44 30 61 13 94 37 15 96 7 81 87 78 17 67 50 64 31 63 46 66 26 38 58 95 35 14 71 45 33 5 3 1 21 20 69 88 51 
TEST 63 ARG:35 62 44 26 74 36 2 85 45 3 9 59 10 75 57 49 11 14 61 28 8 64 69 88 18 55 19 84 68 37 30 97 13 92 56 1 41 63 4 73 78 94 23 71 46 34 60 70 48 27 12 39 32 81 40 25 31 38 21 50 47 22 52 54 24 7 17 87 65 67 16 5 82 90 0 89 53 6 43 15 98 79 42 33 83 77 80 76 29 72 20 91 95 58 99 86 51 66 96 93 
TEST 64 ARG:92 98 53 42 16 1 62 39 36 29 64 86 96 27 47 33 31 30 55 24 18 7 77 20 44 95 22 59 57 17 38 34 35 69 49 19 2 40 8 11 6 82 80 41 25 5 89 88 76 10 97 66 43 51 52 72 91 32 50 67 87 63 46 68 0 48 70 15 79 37 85 26 21 74 99 78 71 3 65 13 12 94 93 90 56 81 9 75 45 28 60 61 58 54 83 14 73 84 4 23 
TEST 65 ARG:99 61 94 24 2 29 0 37 66 59 48 41 46 88 54 42 7 69 18 93 97 27 53 39 60 79 56 19 73 3 33 87 11 91 44 21 58 16 8 67 10 30 38 47 68 32 20 35 71 80 85 6 92 62 83 13 14 98 75 64 5 84 72 51 31 86 81 55 4 36 17 1 40 96 15 95 70 12 65 82 49 43 26 45 90 25 23 22 34 9 78 50 63 89 57 77 52 28 74 76 
TEST 66 ARG:56 62 83 9 93 59 55 54 27 49 14 25 18 63 30 12 3 66 90 78 76 23 57 71 91 73 86 36 38 16 65 40 48 89 99 21 35 60 44 50 95 28 61 29 45 0 32 42 41 87 92 64 2 58 84 79 37 17 88 47 31 53 69 70 85 72 75 52 34 22 4 15 67 13 6 94 82 26 10 80 8 46 98 5 24 43 11 20 68 39 51 19 81 97 96 74 1 77 33 7 
TEST 67 ARG:78 99 48 47 63 33 40 75 10 89 87 31 86 16 34 9 51 50 93 72 83 35 70 22 95 62 25 85 49 43 2 90 30 44 56 28 67 5 38 37 23 13 7 69 45 84 91 17 3 65 82 18 1 94 27 12 0 42 55 53 97 88 76 19 15 60 96 6 98 26 20 4 11 58 73 68 8 64 61 92 57 52 66 77 59 71 54 41 74 21 81 29 32 79 46 14 24 80 36 39 
TEST 68 ARG:98 31 83 75 63 33 51 4 41 94 50 89 62 27 49 48 11 26 97 54 76 45 92 12 10 21 73 47 86 46 28 99 87 7 0 79 91 34 55 29 70 88 81 64 74 44 59 24 69 57 90 8 93 61 78 39 35 84 19 65 66 37 40 58 71 13 14 32 53 36 80 20 72 30 5 17 68 82 9 22 38 56 1 16 15 3 6 96 60 77 25 85 43 42 18 67 2 23 52 95 
TEST 69 ARG:52 93 16 77 68 83 57 33 38 44 70 63 86 26 47 79 15 2 76 69 72 23 65 66 67 60 92 22 98 27 80 25 78 30 88 41 39 50 43 10 31 97 71 75 95 14 40 4 56 7 94 81 9 89 54 13 82 96 85 58 53 32 37 12 90 87 45 29 18 61 19 20 3 24 64 42 34 99 17 62 59 8 84 91 48 21 1 49 28 35 55 6 51 73 36 5 74 46 0 11 
TEST 70 ARG:94 35 42 5 6 17 85 41 9 62 14 1 33 91 20 26 50 67 89 97 73 74 36 49 18 53 52 93 55 68 8 54 80 78 84 37 83 44 65 11 77 22 51 27 4 86 24 72 10 15 19 69 88 95 75 32 56 31 23 71 43 0 38 99 81 64 90 29 76 47 16 48 12 60 57 98 66 28 92 87 61 39 13 7 30 63 40 58 82 2 96 25 46 21 59 70 3 79 34 45 
TEST 71 ARG:86 72 28 90 42 97 0 29 41 35 52 77 18 43 87 34 1 47 99 17 6 19 49 36 69 53 21 62 38 54 95 39 57 14 26 11 8 61 20 82 23 91 31 80 92 13 56 37 27 70 24 7 64 67 98 88 55 74 50 75 48 45 65 94 63 79 44 25 22 16 71 96 46 33 2 12 32 5 83 78 89 59 9 10 3 40 76 93 81 73 51 60 85 68 30 4 66 84 15 58 
TEST 72 ARG:13 76 79 87 63 7 45 39 40 71 94 38 27 82 43 1 85 18 97 2 58 29 70 99 10 51 55 83 61 96 42 62 48 25 41 78 28 46 23 21 98 32 77 81 90 36 47 74 14 4 5 93 56 26 35 72 33 0 53 11 52 44 84 37 60 9 16 68 88 49 75 65 34 67 54 73 95 15 50 69 3 86 92 24 59 91 22 20 89 57 80 19 31 17 12 64 6 8 30 66 
TEST 73 ARG:74 87 59 93 26 56 95 2 63 43 30 7 64 48 67 60 0 69 79 98 99 33 34 44 15 17 81 76 52 62 91 24 73 75 39 57 88 14 18 25 8 47 38 12 89 68 84 22 77 37 31 40 5 46 32 20 9 10 82 53 80 85 96 42 90 55 70 78 35 72 19 6 66 92 86 27 65 94 71 1 13 41 21 29 36 83 49 11 4 45 28 23 3 54 58 50 97 51 16 61 
TEST 74 ARG:10 80 69 44 25 76 56 48 13 27 62 1 52 68 91 79 90 28 65 97 49 82 47 59 7 50 55 19 60 4 78 84 8 43 6 73 58 40 83 81 88 36 17 9 0 22 87 71 42 18 61 45 26 29 2 38 34 89 12 74 24 11 33 35 46 32 39 21 23 57 64 54 67 93 37 96 75 98 53 95 92 15 94 14 51 85 86 99 63 3 72 16 70 77 20 31 5 41 30 66 
TEST 75 ARG:31 98 81 80 8 20 42 61 87 57 67 24 9 43 86 83 64 35 16 66 72 48 74 68 94 54 15 21 77 23 93 19 60 76 88 97 12 34 59 96 79 29 58 26 75 30 41 17 45 71 99 51 2 89 7 40 13 49 53 69 78 62 85 22 46 18 38 5 90 84 39 44 55 92 47 70 0 33 14 91 10 56 37 50 52 65 82 36 11 6 25 32 1 63 73 95 3 28 27 4 
TEST 76 ARG:25 18 1 58 70 77 51 36 99 43 89 8 79 26 76 95 97 62 88 83 33 84 72 71 69 34 87 50 65 53 85 74 73 46 14 16 13 66 4 31 30 21 45 5 98 39 48 96 3 23 93 63 38 54 12 9 80 55 0 29 15 78 28 57 17 7 44 68 22 19 2 64 27 81 47 75 59 82 67 92 41 49 90 40 42 11 61 20 91 56 86 35 6 60 32 52 24 94 10 37 
TEST 77 ARG:45 61 62 58 24 28 50 35 91 77 66 74 53 26 8 19 31 13 75 98 93 25 87 21 6 7 43 71 1 42 63 2 29 47 23 46 55 56 68 84 82 51 57 78 97 48 5 95 81 38 44 3 69 96 39 10 33 99 18 20 17 12 9 76 85 11 59 15 60 83 22 73 14 70 89 30 36 88 79 49 92 72 54 32 65 90 0 27 67 16 86 41 40 94 34 37 64 52 4 80 
TEST 78 ARG:78 91 96 30 80 35 40 5 32 46 36 19 60 51 72 14 65 43 47 77 98 0 87 89 7 57 37 11 10 3 13 28 83 42 41 29 85 49 6 12 90 67 62 54 8 45 2 74 1 71 59 86 95 92 20 4 70 48 84 21 23 66 82 61 53 25 76 33 34 69 97 50 81 56 15 44 88 26 93 73 31 24 38 55 75 68 58 22 63 17 9 18 99 52 27 16 79 64 39 94 
TEST 79 ARG:76 21 34 72 19 31 42 48 88 45 70 43 36 86 25 97 4 24 38 92 60 41 7 54 81 56 95 63 89 99 27 6 67 40 79 83 39 85 58 78 75 52 22 14 33 26 9 84 90 1 91 47 57 5 15 8 23 73 49 46 69 80 59 64 28 93 82 51 30 20 98 13 74 94 68 16 37 18 87 35 44 11 50 96 61 12 71 17 55 10 53 0 62 32 66 2 3 65 77 29 
TEST 80 ARG:36 35 47 28 40 53 41 78 57 85 58 89 82 88 7 24 3 54 77 2 72 92 12 79 81 10 34 29 5 42 4 39 68 48 74 59 69 43 20 8 80 52 83 66 16 22 76 96 91 37 71 51 95 13 87 11 67 75 65 21 97 45 31 62 15 19 84 26 90 9 93 63 33 86 99 55 64 70 25 56 18 98 32 38 14 46 0 50 27 6 94 49 61 17 73 1 30 44 60 23 
TEST 81 ARG:52 14 76 98 18 59 24 75 66 72 84 29 35 90 89 43 32 17 37 92 19 5 36 63 33 99 56 42 47 71 27 41 96 48 46 93 88 53 20 81 4 74 55 22 15 31 60 69 78 54 30 10 97 8 94 95 68 6 91 51 65 26 73 44 28 58 1 3 61 77 62 38 34 50 57 45 2 67 40 80 85 86 87 79 83 13 0 23 21 64 25 16 49 39 82 9 7 11 70 12 
TEST 82 ARG:38 19 34 36 92 41 1 49 75 96 50 82 28 2 9 42 86 35 45 6 52 83 89 73 48 22 88 57 70 80 59 78 98 69 99 4 46 85 27 13 76 47 18 31 97 62 74 12 10 11 5 79 71 77 64 40 33 7 66 84 67 60 54 81 25 51 24 17 16 63 95 26 8 30 90 44 29 56 72 39 32 53 20 21 43 15 93 68 55 94 91 23 65 58 37 87 3 61 0 14 
TEST 83 ARG:5 37 42 69 9 64 75 24 13 70 57 60 84 38 51 98 3 18 99 63 87 94 66 90 44 25 8 36 62 2 83 82 73 22 97 23 50 81 31 6 89 55 46 39 59 65 91 20 45 58 15 77 93 78 88 79 67 48 43 16 53 56 47 35 30 26 12 19 29 85 40 14 33 21 4 11 0 86 17 34 32 96 28 52 68 74 7 1 54 80 92 95 61 27 72 49 76 41 71 10 
TEST 84 ARG:64 6 99 61 28 24 67 65 59 3 38 84 23 8 72 9 29 0 27 91 74 55 85 68 12 52 47 4 57 31 73 5 43 10 71 70 75 18 93 26 45 95 42 32 35 40 69 20 83 36 46 63 50 56 79 25 78 17 44 30 88 15 66 1 58 53 19 96 62 97 13 16 77 21 7 54 94 89 33 80 90 92 76 48 22 2 11 81 87 41 82 39 60 86 98 51 14 37 34 49 
TEST 85 ARG:81 1 2 96 25 51 76 29 8 34 85 58 7 20 75 33 35 90 52 5 94 56 54 24 61 26 67 44 49 9 89 38 83 64 78 27 17 95 37 19 36 84 60 98 68 93 11 16 21 6 88 87 14 0 32 69 80 4 13 50 41 79 28 82 45 92 99 71 53 97 22 43 77 10 72 55 65 48 30 47 86 18 66 42 62 57 15 39 23 59 73 70 31 46 40 63 91 74 3 12 
TEST 86 ARG:52 46 91 88 32 17 77 66 89 3 72 14 7 2 69 21 62 95 99 84 80 36 97 19 47 20 8 6 50 96 49 40 75 4 0 33 30 13 81 57 73 70 83 56 11 94 59 60 92 82 10 22 41 61 24 38 25 74 44 26 12 90 85 65 37 27 58 64 28 54 31 45 42 35 87 9 86 43 39 68 15 18 55 1 16 51 79 5 98 23 76 53 63 78 67 71 48 34 29 93 
